$ANSIBLE_VAULT;1.1;AES256
38343032353061653832356562666233633830623765386236623464303961313464663438306361
6563643735376562366165333264313234643566663163380a376638356239323237386266393362
34633238376233383334653763376165326239646132646231663364346431363866666364636563
3839386431313065340a303235303863623961373730303338326664303562386662383530326135
65623035653662303736336662303030356332346438663262363331393461616131336261616335
65623265613738336130323564333339353534346533616131313935393239633939336263663434
64613561356135623761626633373965663633333935643332303338366665646138336531353734
64386436303031366331633163346266336464333565316530356539343066643561653364323032
36323061333331613237353334333564643061373432653865666138303136363938623232663738
39653366323435613335393039343938393432346233306433663636393933376539616338316336
36626539646135633839623431383431663638613237653633613763386561626161376233306263
61643739643136633435616465613830386465373331353331363163323166623965636439643035
63623738643265373438366261393661313935613237616161663635323930663666323138353666
64353639383164626437613433643466313539613933306564313366623362373535613165643237
63303163343431653439393732623836643938636364316635373539653734663166396632393833
31343964653537383032373765646662383733323738383563366531616238653666656437376138
30303436393330303933323939623338333962386264353862373235633461383462363139633062
39636364363137373436656564663563313037363963626539663832376335356532383233626333
30396366343132623865333265663564363162613535643139613739383036393039633963613465
34326164356162633035323138356366323261333261363232653263326332616330633330616530
37643439653936326636316130353933383263666438356534363162626431376132653930366662
31393064373134333233373331613930356361343666336131366565383637326233626362636266
32623031333235306238663266363630333331306363343736323363386162343337363538376335
64646139363237656630656431393562633833393734636434373032636533306636666230303166
65376539643133316237313061396431663263616163616336383061383031633631396365346539
31666165343636333833626632633238613466363530643965656433393835633466333735303739
61313166376231393436373430656463346637303531386434346163633230333730313663656634
65646664316534656466343237343462343435313737663735363462303663396662366433393166
36626439663563383738313634623662356531626264366565366630316439613237336634633437
33663238373237396533363836383834346430666537306235393362643031323133333337636639
65343032306635356337653539373163376638303635393732333739666464613664303730633131
65353862383736663730363364333336333936353235313234333633636663636139613430313861
32613263646233386163303235316463376134343530343632373039343637376530643630376261
39323034643133613163313030363331323862393335623232316232636133616637653666366633
38636466353736313030623838653530373930656133366137626432383832353162323764626637
30626633386664373461333032393536643537376330666462626664643133313131316438333532
61633037666430386434323935623632323138623763383562353432383133376665626263343064
63663630383737653433363534356532646431646239343465316233643365363234303732393736
39653933386161303765316232386539363832653434623836653334353764326163623935303262
32316661323566393266326138343632626365323539656332633637373938323130616164316363
32616535653037346363363937303165616238306637636131386230663765336535626538343362
34303439313432613864393861306434643838626437633666323634616666313138376365633536
66306235626639393834396633353730633936343965326230393464666264393033613466376130
65383130396663353163343961323165633632623932353030663938363864396532383131623262
66363038623166303836356135343139366237663734363330373362623234636333646265313361
32306536643233393231373863383934633935653737633733346139393934623239613566326434
63646139363139396562663433343766373935336536396465333465663935383433663136623062
31373739653136386261666165333237373464613839393039643931336333623663373932653966
62643439373733666362663535653464396238303532393465306265653935393034313266303833
36623264613263613832363566623765393735633161623138376638393233373833356134343632
62343234343364656636626131643366393937323531306166343631663531656234363737383731
63333462623437373332376635613434653436306165303634313635626233343633633361663131
35366632646133306462633661666438323830313331323365306532326336646433396133343835
36363038666135323666363437353164303666633433663034663839346262613337636230643561
30663333623930363439316338373865316137313662376436636264316332653764353366646530
65396362616161636163663931323430613164353935646131343931396339393339656565306538
61626339663661313138653230346638616436323733313431666137383736383633386163616635
62383733366531663032306438616238333231303835626536356364333331633262396264623333
66653438303138363131313961326430386265366661313863303133386561343837306362616235
62376466313031393366313633666136623966326439623934353462396332663934633731356336
38636263306635303661633739643763646138616139616365623331343630636334656264383230
31666163633536366566626632336430613739383433623132396236646265333436346463383233
38376539636365666266663535643362336138653634343934626231353665306334393131393635
64666361313133386136303166346634333938613764306465396538633331666638323264633138
30383966636239366437393261643637396432343937326536373564366130346362303632656561
39353632306333373230653065626332323130343064633131613863323530643665623966623962
36386531336137616338633638376565366238386264626362363037626261663731646130343137
35643065643135363732363662633165656530333364336162363061383163373361646233373034
61393066633766333835626166346166336435633333393039356562316262333365343065373334
63303563643037666662346539386337666432303465653666613364396236393461663839363833
39656661323431633538346637396439646361346162646435373766333361333233663061393336
34646563633832333236636465636635356664353330393031353462353335356361303263633761
34393534343063353962393465353462626236313937646163353437343132306430623433633631
61613938323338303532373061353961666466613736616239393564316566336261633364316530
38313566363835376365393832613439643964306436303438353564626135343330373239316633
30626237626137316132623339383036336636376163373564373763643762366437353534653934
38663364363265313831323265356631393138386637303033666439363733646465396266613062
35656135386136623262366530633736303266393831323734346362306566643436633837663734
66663034343939613461376638346134363864383363363437393863643537623532633563626532
64366430373730316430323131613466616233646662366561333164313237666337333164383639
31623136383239366662363266663434666238363566353036356261323562313235306134383733
64653064383762643164643139613732616338383832633161303663376166623066373163313934
64373933636337393338616363303832623965363732323765333063306337383764663938323839
35353065356166383031383931336637313639303162346639313939323635396534653035656231
39383233633832366530323666653732326166633264303332346131306130376264316463303964
63393664656436623934363764663339646332336238396233326634646638663963633432343765
62633864326437633864666164303533646362356462646330643337356166343239623730363639
31326363333336383237353530336234383834336631313737306234633935626130383537373035
36393430396536366563346639336338646462353430633334363938646436633861303939373030
34396530666162373039626533666239646436303136643636363331386664353764646631623932
32346435383238353634323937336433356237623231306532653336373530353334653637643439
36303839626237353539666433373038313066333163366664313837633833346134626262616263
63626433346564663164646636623530326162376639396132633966306633353934343363346665
66336530356636623732353130663737383865363031646134646531613563663435626466343937
34383930663036646339613431336565396364353561656534373636653333646234383261316462
64396264376464663438396266616232613236616266323735383563653634303365363763383834
36363932613533363435663261333638373135373362396262343165656562386634336531373866
63323361656633353134643164336165326530373634643236366434376535653666643964653736
39613562346337633338316561393663383331373566623865383337393566333263363736376665
63323737383330323262626133326437636135383532306530363736616466643234396162323864
30303132616535356165613737623364363839363938396632373961396338653166643164376537
30616366353831626431326538636237353663323833643235326165373965356139333133623066
63646661653634363436663134313762656138376230623561653433373563373064663937623535
36333361376231323431623966613730643763346131646235393231623962626164313162373762
66323333626561663865633331626638643837656134663065633766663165333663383863333736
37656266383930333831313064356535323037303164316234616437616434653634636434333966
63313439356233653136366536616237666231336363653464613833666631383534343363316539
36303531346263356464323764356163613663396266393138653636336363313332613061333935
62326530356337376332316364316139613233353765323533626635656564633032666361386433
64633633363661643262616637343934346463333831333561636339363163313563353833343763
34336139373663386466643264313065356333363435666565343737373733333665376431643062
65323434653435336565633939616261613933303764653133653437666561303666376438343964
37383131346436306434386237313966646535326664386337613933646336373230643431313936
65636634616663313132313764663164343961306665333565653461306331346438613839386539
64653230616663396335393735343565303264356337623464363633363464303430333533396437
64333266646536323432353637386663636139363962623939653662303230623930383261663738
37386638646639653536393238623230333935383864616438643362363835323965636636356334
32363166646631646561383535646461386661626561623133646162613863646335623434343737
62366162646234393038663464646366353330376561313363313766346335313132623339396433
36313832316539656534303461353734333236653830653561373337656465663736643965353230
39306534626662346264636330386261666362633261346232626165303131353138623938353366
37613535313361336563616366343665323739373137613236666137306665623932353338366138
62613665346262343230333366386534656134306665633931373866393233653132386366323039
66643665393036323936333766393165376135353831303339633963356465623639353361333139
30623061633436336531613465623534316234353637346536336432643638366534623633343065
33656633373830346633353133373265346139326237303362666431333333323230326638626164
30313938613330333666616338393062363136303930396530323737353735613933343762363266
64353338323035616564373663666531396530323238613663353135656162306565333565333937
31353832343838356535636462613134383434333364633665353239343836393363323164326335
63393534373434623237306338316462303637653638613430336664646261363765633239386163
30626666326631646134303333663030393031643533636231343538666364623330353339646531
63353363343531643931396235333539353065363932643436643134396535376633353239346132
31396337653030373831646139326662643834363363343331396231643732343131366661623432
64356337383530653864353639643066343139633363396665613261623564373135653437336636
38366362343231353236323834356330616437336166346530316463373663383933663464623532
36396630653832313135373931333761656465626266343065393163353662393534363035323930
3733
